Bus.con = [ ... 
  1   138  1  0  2  1;
  2   138  1  0  2  1;
  3   138  1  0  2  1;
  4   138  1  0  2  1;
  5   138  1  0  2  1;
  6   138  1  0  2  1;
  7   138  1  0  2  1;
  8   138  1  0  2  1;
  9   138  1  0  2  1;
  10  138  1  0  2  1;
  11  230  1  0  2  1;
  12  230  1  0  2  1;
  13  230  1  0  2  1;
  14  230  1  0  2  1;
  15  230  1  0  2  1;
  16  230  1  0  2  1;
  17  230  1  0  2  1;
  18  230  1  0  2  1;
  19  230  1  0  2  1;
  20  230  1  0  2  1;
  21  230  1  0  2  1;
  22  230  1  0  2  1;
  23  230  1  0  2  1;
  24  230  1  0  2  1;

  % Virtual Bus Bars for generating units

  % ------------------- Bus 1
  25  138  1  0  2  1; 
  26  138  1  0  2  1; 
  27  138  1  0  2  1; 
  28  138  1  0  2  1; 
  % ------------------- Bus 2
  29  138  1  0  2  1; 
  30  138  1  0  2  1; 
  31  138  1  0  2  1; 
  32  138  1  0  2  1; 
  % ------------------- Bus 7
  33  138  1  0  2  1; 
  34  138  1  0  2  1;
  35  138  1  0  2  1; 
  % ------------------- Bus 13
  36  230  1  0  2  1; 
  37  230  1  0  2  1;
  38  230  1  0  2  1; 
  % ------------------- Bus 15
  39  230  1  0  2  1; 
  40  230  1  0  2  1;
  41  230  1  0  2  1;
  42  230  1  0  2  1;
  43  230  1  0  2  1;
  44  230  1  0  2  1; 
  % ------------------- Bus 22
  45  230  1  0  2  1; 
  46  230  1  0  2  1;
  47  230  1  0  2  1;
  48  230  1  0  2  1;
  49  230  1  0  2  1;
  50  230  1  0  2  1; 
  % ------------------- Bus 23
  51  230  1  0  2  1; 
  52  230  1  0  2  1;
  53  230  1  0  2  1; 
 ];
  
Line.con = [ ... 
  1   2  100  138  60  0  0   0.0026  0.0139  0.4611 0     0 1.93 0 2    1; %A1   
  1   3  100  138  60  0  0   0.0546  0.2112  0.0572 0     0 2.08 0 2.2  1; %A2    
  1   5  100  138  60  0  0   0.0218  0.0845  0.0229 0     0 2.08 0 2.2  1; %A3    
  2   4  100  138  60  0  0   0.0328  0.1267  0.0343 0     0 2.08 0 2.2  1; %A4    
  2   6  100  138  60  0  0   0.0497  0.192   0.052  0     0 2.08 0 2.2  1; %A5    
  9   3  100  138  60  0  0   0.0308  0.119   0.0322 0     0 2.08 0 2.2  1; %A6    
  9   4  100  138  60  0  0   0.0268  0.1037  0.0281 0     0 2.08 0 2.2  1; %A7    
 10   5  100  138  60  0  0   0.0228  0.0883  0.0239 0     0 2.08 0 2.2  1; %A8    
  3  24  100  138  60  0  0.6 0.0023  0.0839  0      1.015 0 5.1  0 6    1; %A9    
 10   6  100  138  60  0  0   0.0139  0.0605  2.459  0     0 1.93 0 2    1; %A10   
  7   8  100  138  60  0  0   0.0159  0.0614  0.0166 0     0 2.08 0 2.2  1; %A11   
  9   8  100  138  60  0  0   0.0427  0.1651  0.0447 0     0 2.08 0 2.2  1; %A12-1 
 10   8  100  138  60  0  0   0.0427  0.1651  0.0447 0     0 2.08 0 2.2  1; %A13-2 
 13  11  100  230  60  0  0   0.006   0.048   0.1    0     0 6    0 6.25 1; %A14   
 14  11  100  230  60  0  0   0.0054  0.0418  0.0879 0     0 6    0 6.25 1; %A15   
  9  11  100  138  60  0  0.6 0.0023  0.0839  0      1.03  0 5.1  0 6    1; %A16   
 13  12  100  230  60  0  0   0.006   0.048   0.1    0     0 6    0 6.25 1; %A17   
 23  12  100  230  60  0  0   0.0124  0.0966  0.203  0     0 6    0 6.25 1; %A18   
 13  23  100  230  60  0  0   0.0111  0.0865  0.1818 0     0 6    0 6.25 1; %A19   
 16  14  100  230  60  0  0   0.005   0.0589  0.0818 0     0 6    0 6.25 1; %A20   
 16  15  100  230  60  0  0   0.0022  0.0173  0.0364 0     0 6    0 6.25 1; %A21   
 21  15  100  230  60  0  0   0.0063  0.049   0.103  0     0 6    0 6.25 1; %A22   
 21  15  100  230  60  0  0   0.0063  0.049   0.103  0     0 6    0 6.25 1; %A23   
 15  24  100  230  60  0  0   0.0067  0.0519  0.1091 0     0 6    0 6.25 1; %A24   
 17  16  100  230  60  0  0   0.003   0.0259  0.0545 0     0 6    0 6.25 1; %A25-1 
 19  16  100  230  60  0  0   0.003   0.0231  0.0485 0     0 6    0 6.25 1; %A25-2 
 18  17  100  230  60  0  0   0.0018  0.0144  0.0303 0     0 6    0 6.25 1; %A26   
  9  12  100  138  60  0  0.6 0.0023  0.0839  0      1.03  0 5.1  0 6    1; %A27   
 22  17  100  230  60  0  0   0.0135  0.1053  0.2212 0     0 6    0 6.25 1; %A28   
 18  21  100  230  60  0  0   0.0033  0.0269  0.0545 0     0 6    0 6.25 1; %A29   
 18  21  100  230  60  0  0   0.0033  0.0269  0.0545 0     0 6    0 6.25 1; %A30   
 19  20  100  230  60  0  0   0.0051  0.0396  0.0833 0     0 6    0 6.25 1; %A31-1 
 19  20  100  230  60  0  0   0.0051  0.0396  0.0833 0     0 6    0 6.25 1; %A31-2 
 23  20  100  230  60  0  0   0.0028  0.0216  0.0455 0     0 6    0 6.25 1; %A32-1 
 23  20  100  230  60  0  0   0.0028  0.0216  0.0455 0     0 6    0 6.25 1; %A32-2 
 21  22  100  230  60  0  0   0.0087  0.0678  0.1424 0     0 6    0 6.25 1; %A33-1 
 10  12  100  138  60  0  0.6 0.0023  0.0839  0      1.015 0 5.1  0 6    1; %A33-2 
 10  11  100  138  60  0  0.6 0.0023  0.0839  0      1.015 0 5.1  0 6    1; %A34   

 % Virtual Lines for generating units

 % ------------------- Bus 1
  1  25  100  138  60  0  0   0.0000  0.0001  0.0000 0     0 999  0 999  1; %C1-1
  1  26  100  138  60  0  0   0.0000  0.0001  0.0000 0     0 999  0 999  1; %C1-2
  1  27  100  138  60  0  0   0.0000  0.0001  0.0000 0     0 999  0 999  1; %C1-3
  1  28  100  138  60  0  0   0.0000  0.0001  0.0000 0     0 999  0 999  1; %C1-4
 % ------------------- Bus 2
  2  29  100  138  60  0  0   0.0000  0.0001  0.0000 0     0 999  0 999  1; %C2-1
  2  30  100  138  60  0  0   0.0000  0.0001  0.0000 0     0 999  0 999  1; %C2-2
  2  31  100  138  60  0  0   0.0000  0.0001  0.0000 0     0 999  0 999  1; %C2-3
  2  32  100  138  60  0  0   0.0000  0.0001  0.0000 0     0 999  0 999  1; %C2-4
 % ------------------- Bus 7
  7  33  100  138  60  0  0   0.0000  0.0001  0.0000 0     0 999  0 999  1; %C7-1
  7  34  100  138  60  0  0   0.0000  0.0001  0.0000 0     0 999  0 999  1; %C7-2
  7  35  100  138  60  0  0   0.0000  0.0001  0.0000 0     0 999  0 999  1; %C7-3
 % ------------------- Bus 13
 13  36  100  230  60  0  0   0.0000  0.0001  0.0000 0     0 999  0 999  1; %C13-1
 13  37  100  230  60  0  0   0.0000  0.0001  0.0000 0     0 999  0 999  1; %C13-2
 13  38  100  230  60  0  0   0.0000  0.0001  0.0000 0     0 999  0 999  1; %C13-3
 % ------------------- Bus 15
 15  39  100  230  60  0  0   0.0000  0.0001  0.0000 0     0 999  0 999  1; %C15-1
 15  40  100  230  60  0  0   0.0000  0.0001  0.0000 0     0 999  0 999  1; %C15-2
 15  41  100  230  60  0  0   0.0000  0.0001  0.0000 0     0 999  0 999  1; %C15-3
 15  42  100  230  60  0  0   0.0000  0.0001  0.0000 0     0 999  0 999  1; %C15-4
 15  43  100  230  60  0  0   0.0000  0.0001  0.0000 0     0 999  0 999  1; %C15-5
 15  44  100  230  60  0  0   0.0000  0.0001  0.0000 0     0 999  0 999  1; %C15-6
 % ------------------- Bus 22
 22  45  100  230  60  0  0   0.0000  0.0001  0.0000 0     0 999  0 999  1; %C22-1
 22  46  100  230  60  0  0   0.0000  0.0001  0.0000 0     0 999  0 999  1; %C22-2
 22  47  100  230  60  0  0   0.0000  0.0001  0.0000 0     0 999  0 999  1; %C22-3
 22  48  100  230  60  0  0   0.0000  0.0001  0.0000 0     0 999  0 999  1; %C22-4
 22  49  100  230  60  0  0   0.0000  0.0001  0.0000 0     0 999  0 999  1; %C22-5
 22  50  100  230  60  0  0   0.0000  0.0001  0.0000 0     0 999  0 999  1; %C22-6
 % ------------------- Bus 23
 23  51  100  230  60  0  0   0.0000  0.0001  0.0000 0     0 999  0 999  1; %C23-1
 23  52  100  230  60  0  0   0.0000  0.0001  0.0000 0     0 999  0 999  1; %C23-2
 23  53  100  230  60  0  0   0.0000  0.0001  0.0000 0     0 999  0 999  1; %C23-3
 ];

SW.con = [ ... 
  36  100  230  1.02  0  0.8  0  1.05  0.95  0.951  1  1  1;
 ];

