Bus.con = [ ... 
  101  138  1  0  2  1;
  102  138  1  0  2  1;
  103  138  1  0  2  1;
  104  138  1  0  2  1;
  105  138  1  0  2  1;
  106  138  1  0  2  1;
  107  138  1  0  2  1;
  108  138  1  0  2  1;
  109  138  1  0  2  1;
  110  138  1  0  2  1;
  111  230  1  0  2  1;
  112  230  1  0  2  1;
  113  230  1  0  2  1;
  114  230  1  0  2  1;
  115  230  1  0  2  1;
  116  230  1  0  2  1;
  117  230  1  0  2  1;
  118  230  1  0  2  1;
  119  230  1  0  2  1;
  120  230  1  0  2  1;
  121  230  1  0  2  1;
  122  230  1  0  2  1;
  123  230  1  0  2  1;
  124  230  1  0  2  1;
  201  138  1  0  2  1;
  202  138  1  0  2  1;
  203  138  1  0  2  1;
  204  138  1  0  2  1;
  205  138  1  0  2  1;
  206  138  1  0  2  1;
  207  138  1  0  2  1;
  208  138  1  0  2  1;
  209  138  1  0  2  1;
  210  138  1  0  2  1;
  211  230  1  0  2  1;
  212  230  1  0  2  1;
  213  230  1  0  2  1;
  214  230  1  0  2  1;
  215  230  1  0  2  1;
  216  230  1  0  2  1;
  217  230  1  0  2  1;
  218  230  1  0  2  1;
  219  230  1  0  2  1;
  220  230  1  0  2  1;
  221  230  1  0  2  1;
  222  230  1  0  2  1;
  223  230  1  0  2  1;
  224  230  1  0  2  1;
  301  138  1  0  2  1;
  302  138  1  0  2  1;
  303  138  1  0  2  1;
  304  138  1  0  2  1;
  305  138  1  0  2  1;
  306  138  1  0  2  1;
  307  138  1  0  2  1;
  308  138  1  0  2  1;
  309  138  1  0  2  1;
  310  138  1  0  2  1;
  311  230  1  0  2  1;
  312  230  1  0  2  1;
  313  230  1  0  2  1;
  314  230  1  0  2  1;
  315  230  1  0  2  1;
  316  230  1  0  2  1;
  317  230  1  0  2  1;
  318  230  1  0  2  1;
  319  230  1  0  2  1;
  320  230  1  0  2  1;
  321  230  1  0  2  1;
  322  230  1  0  2  1;
  323  230  1  0  2  1;
  324  230  1  0  2  1;
  325  230  1  0  2  1;
 ];

Line.con = [ ... 
 101  102  100  138  60  0  0    0.0026  0.0139  0.4611  0      0  1.93  0  2     1;
 101  103  100  138  60  0  0    0.0546  0.2112  0.0572  0      0  2.08  0  2.2   1;
 101  105  100  138  60  0  0    0.0218  0.0845  0.0229  0      0  2.08  0  2.2   1;
 102  104  100  138  60  0  0    0.0328  0.1267  0.0343  0      0  2.08  0  2.2   1;
 102  106  100  138  60  0  0    0.0497  0.192   0.052   0      0  2.08  0  2.2   1;
 109  103  100  138  60  0  0    0.0308  0.119   0.0322  0      0  2.08  0  2.2   1;
 109  104  100  138  60  0  0    0.0268  0.1037  0.0281  0      0  2.08  0  2.2   1;
 110  105  100  138  60  0  0    0.0228  0.0883  0.0239  0      0  2.08  0  2.2   1;
 103  124  100  138  60  0  0.6  0.0023  0.0839  0       1.015  0  5.1   0  6     1;
 110  106  100  138  60  0  0    0.0139  0.0605  2.459   0      0  1.93  0  2     1;
 107  108  100  138  60  0  0    0.0159  0.0614  0.0166  0      0  2.08  0  2.2   1;
 109  108  100  138  60  0  0    0.0427  0.1651  0.0447  0      0  2.08  0  2.2   1;
 110  108  100  138  60  0  0    0.0427  0.1651  0.0447  0      0  2.08  0  2.2   1;
 113  111  100  230  60  0  0    0.006   0.048   0.1     0      0  6     0  6.25  1;
 114  111  100  230  60  0  0    0.0054  0.0418  0.0879  0      0  6     0  6.25  1;
 109  111  100  138  60  0  0.6  0.0023  0.0839  0       1.03   0  5.1   0  6     1;
 113  112  100  230  60  0  0    0.006   0.048   0.1     0      0  6     0  6.25  1;
 123  112  100  230  60  0  0    0.0124  0.0966  0.203   0      0  6     0  6.25  1;
 113  123  100  230  60  0  0    0.0111  0.0865  0.1818  0      0  6     0  6.25  1;
 116  114  100  230  60  0  0    0.005   0.0589  0.0818  0      0  6     0  6.25  1;
 116  115  100  230  60  0  0    0.0022  0.0173  0.0364  0      0  6     0  6.25  1;
 121  115  100  230  60  0  0    0.0063  0.049   0.103   0      0  6     0  6.25  1;
 121  115  100  230  60  0  0    0.0063  0.049   0.103   0      0  6     0  6.25  1;
 115  124  100  230  60  0  0    0.0067  0.0519  0.1091  0      0  6     0  6.25  1;
 117  116  100  230  60  0  0    0.003   0.0259  0.0545  0      0  6     0  6.25  1;
 119  116  100  230  60  0  0    0.003   0.0231  0.0485  0      0  6     0  6.25  1;
 118  117  100  230  60  0  0    0.0018  0.0144  0.0303  0      0  6     0  6.25  1;
 109  112  100  138  60  0  0.6  0.0023  0.0839  0       1.03   0  5.1   0  6     1;
 122  117  100  230  60  0  0    0.0135  0.1053  0.2212  0      0  6     0  6.25  1;
 118  121  100  230  60  0  0    0.0033  0.0269  0.0545  0      0  6     0  6.25  1;
 118  121  100  230  60  0  0    0.0033  0.0269  0.0545  0      0  6     0  6.25  1;
 119  120  100  230  60  0  0    0.0051  0.0396  0.0833  0      0  6     0  6.25  1;
 119  120  100  230  60  0  0    0.0051  0.0396  0.0833  0      0  6     0  6.25  1;
 123  120  100  230  60  0  0    0.0028  0.0216  0.0455  0      0  6     0  6.25  1;
 123  120  100  230  60  0  0    0.0028  0.0216  0.0455  0      0  6     0  6.25  1;
 121  122  100  230  60  0  0    0.0087  0.0678  0.1424  0      0  6     0  6.25  1;
 110  112  100  138  60  0  0.6  0.0023  0.0839  0       1.015  0  5.1   0  6     1;
 110  111  100  138  60  0  0.6  0.0023  0.0839  0       1.015  0  5.1   0  6     1;

 201  202  100  138  60  0  0    0.0026  0.0139  0.4611  0      0  1.93  0  2     1;
 201  203  100  138  60  0  0    0.0546  0.2112  0.0572  0      0  2.08  0  2.2   1;
 201  205  100  138  60  0  0    0.0218  0.0845  0.0229  0      0  2.08  0  2.2   1;
 202  204  100  138  60  0  0    0.0328  0.1267  0.0343  0      0  2.08  0  2.2   1;
 202  206  100  138  60  0  0    0.0497  0.192   0.052   0      0  2.08  0  2.2   1;
 209  203  100  138  60  0  0    0.0308  0.119   0.0322  0      0  2.08  0  2.2   1;
 209  204  100  138  60  0  0    0.0268  0.1037  0.0281  0      0  2.08  0  2.2   1;
 210  205  100  138  60  0  0    0.0228  0.0883  0.0239  0      0  2.08  0  2.2   1;
 203  224  100  138  60  0  0.6  0.0023  0.0839  0       1.015  0  5.1   0  6     1;
 210  206  100  138  60  0  0    0.0139  0.0605  2.459   0      0  1.93  0  2     1;
 207  208  100  138  60  0  0    0.0159  0.0614  0.0166  0      0  2.08  0  2.2   1;
 209  208  100  138  60  0  0    0.0427  0.1651  0.0447  0      0  2.08  0  2.2   1;
 210  208  100  138  60  0  0    0.0427  0.1651  0.0447  0      0  2.08  0  2.2   1;
 213  211  100  230  60  0  0    0.006   0.048   0.1     0      0  6     0  6.25  1;
 214  211  100  230  60  0  0    0.0054  0.0418  0.0879  0      0  6     0  6.25  1;
 209  211  100  138  60  0  0.6  0.0023  0.0839  0       1.03   0  5.1   0  6     1;
 213  212  100  230  60  0  0    0.006   0.048   0.1     0      0  6     0  6.25  1;
 223  212  100  230  60  0  0    0.0124  0.0966  0.203   0      0  6     0  6.25  1;
 213  223  100  230  60  0  0    0.0111  0.0865  0.1818  0      0  6     0  6.25  1;
 216  214  100  230  60  0  0    0.005   0.0589  0.0818  0      0  6     0  6.25  1;
 216  215  100  230  60  0  0    0.0022  0.0173  0.0364  0      0  6     0  6.25  1;
 221  215  100  230  60  0  0    0.0063  0.049   0.103   0      0  6     0  6.25  1;
 221  215  100  230  60  0  0    0.0063  0.049   0.103   0      0  6     0  6.25  1;
 215  224  100  230  60  0  0    0.0067  0.0519  0.1091  0      0  6     0  6.25  1;
 217  216  100  230  60  0  0    0.003   0.0259  0.0545  0      0  6     0  6.25  1;
 219  216  100  230  60  0  0    0.003   0.0231  0.0485  0      0  6     0  6.25  1;
 218  217  100  230  60  0  0    0.0018  0.0144  0.0303  0      0  6     0  6.25  1;
 209  212  100  138  60  0  0.6  0.0023  0.0839  0       1.03   0  5.1   0  6     1;
 222  217  100  230  60  0  0    0.0135  0.1053  0.2212  0      0  6     0  6.25  1;
 218  221  100  230  60  0  0    0.0033  0.0269  0.0545  0      0  6     0  6.25  1;
 218  221  100  230  60  0  0    0.0033  0.0269  0.0545  0      0  6     0  6.25  1;
 219  220  100  230  60  0  0    0.0051  0.0396  0.0833  0      0  6     0  6.25  1;
 219  220  100  230  60  0  0    0.0051  0.0396  0.0833  0      0  6     0  6.25  1;
 223  220  100  230  60  0  0    0.0028  0.0216  0.0455  0      0  6     0  6.25  1;
 223  220  100  230  60  0  0    0.0028  0.0216  0.0455  0      0  6     0  6.25  1;
