Bus.con = [ ... 
  1   138  1  0  2  1;
  2   138  1  0  2  1;
  3   138  1  0  2  1;
  4   138  1  0  2  1;
  5   138  1  0  2  1;
  6   138  1  0  2  1;
  7   138  1  0  2  1;
  8   138  1  0  2  1;
  9   138  1  0  2  1;
  10  138  1  0  2  1;
  11  230  1  0  2  1;
  12  230  1  0  2  1;
  13  230  1  0  2  1;
  14  230  1  0  2  1;
  15  230  1  0  2  1;
  16  230  1  0  2  1;
  17  230  1  0  2  1;
  18  230  1  0  2  1;
  19  230  1  0  2  1;
  20  230  1  0  2  1;
  21  230  1  0  2  1;
  22  230  1  0  2  1;
  23  230  1  0  2  1;
  24  230  1  0  2  1;
  25  138  1  0  2  1;
  26  138  1  0  2  1;
  27  138  1  0  2  1;
  28  138  1  0  2  1;
  29  138  1  0  2  1;
  30  138  1  0  2  1;
  31  138  1  0  2  1;
  32  138  1  0  2  1;
  33  138  1  0  2  1;
  34  138  1  0  2  1;
  35  230  1  0  2  1;
  36  230  1  0  2  1;
  37  230  1  0  2  1;
  38  230  1  0  2  1;
  39  230  1  0  2  1;
  40  230  1  0  2  1;
  41  230  1  0  2  1;
  42  230  1  0  2  1;
  43  230  1  0  2  1;
  44  230  1  0  2  1;
  45  230  1  0  2  1;
  46  230  1  0  2  1;
  47  230  1  0  2  1;
  48  230  1  0  2  1;
  49  138  1  0  2  1;
  50  138  1  0  2  1;
  51  138  1  0  2  1;
  52  138  1  0  2  1;
  53  138  1  0  2  1;
  54  138  1  0  2  1;
  55  138  1  0  2  1;
  56  138  1  0  2  1;
  57  138  1  0  2  1;
  58  138  1  0  2  1;
  59  230  1  0  2  1;
  60  230  1  0  2  1;
  61  230  1  0  2  1;
  62  230  1  0  2  1;
  63  230  1  0  2  1;
  64  230  1  0  2  1;
  65  230  1  0  2  1;
  66  230  1  0  2  1;
  67  230  1  0  2  1;
  68  230  1  0  2  1;
  69  230  1  0  2  1;
  70  230  1  0  2  1;
  71  230  1  0  2  1;
  72  230  1  0  2  1;
  73  230  1  0  2  1;
 ];

Line.con = [ ... 
  1   2  100  138  60  0  0    0.0026  0.0139  0.4611  0      0  1.93  0  2     1;
  1   3  100  138  60  0  0    0.0546  0.2112  0.0572  0      0  2.08  0  2.2   1;
  1   5  100  138  60  0  0    0.0218  0.0845  0.0229  0      0  2.08  0  2.2   1;
  2   4  100  138  60  0  0    0.0328  0.1267  0.0343  0      0  2.08  0  2.2   1;
  2   6  100  138  60  0  0    0.0497  0.192   0.052   0      0  2.08  0  2.2   1;
  9   3  100  138  60  0  0    0.0308  0.119   0.0322  0      0  2.08  0  2.2   1;
  9   4  100  138  60  0  0    0.0268  0.1037  0.0281  0      0  2.08  0  2.2   1;
 10   5  100  138  60  0  0    0.0228  0.0883  0.0239  0      0  2.08  0  2.2   1;
  3  24  100  138  60  0  0.6  0.0023  0.0839  0       1.015  0  5.1   0  6     1;
 10   6  100  138  60  0  0    0.0139  0.0605  2.459   0      0  1.93  0  2     1;
  7   8  100  138  60  0  0    0.0159  0.0614  0.0166  0      0  2.08  0  2.2   1;
  9   8  100  138  60  0  0    0.0427  0.1651  0.0447  0      0  2.08  0  2.2   1;
 10   8  100  138  60  0  0    0.0427  0.1651  0.0447  0      0  2.08  0  2.2   1;
 13  11  100  230  60  0  0    0.006   0.048   0.1     0      0  6     0  6.25  1;
 14  11  100  230  60  0  0    0.0054  0.0418  0.0879  0      0  6     0  6.25  1;
  9  11  100  138  60  0  0.6  0.0023  0.0839  0       1.03   0  5.1   0  6     1;
 13  12  100  230  60  0  0    0.006   0.048   0.1     0      0  6     0  6.25  1;
 23  12  100  230  60  0  0    0.0124  0.0966  0.203   0      0  6     0  6.25  1;
 13  23  100  230  60  0  0    0.0111  0.0865  0.1818  0      0  6     0  6.25  1;
 16  14  100  230  60  0  0    0.005   0.0589  0.0818  0      0  6     0  6.25  1;
 16  15  100  230  60  0  0    0.0022  0.0173  0.0364  0      0  6     0  6.25  1;
 21  15  100  230  60  0  0    0.0063  0.049   0.103   0      0  6     0  6.25  1;
 21  15  100  230  60  0  0    0.0063  0.049   0.103   0      0  6     0  6.25  1;
 15  24  100  230  60  0  0    0.0067  0.0519  0.1091  0      0  6     0  6.25  1;
 17  16  100  230  60  0  0    0.003   0.0259  0.0545  0      0  6     0  6.25  1;
 19  16  100  230  60  0  0    0.003   0.0231  0.0485  0      0  6     0  6.25  1;
 18  17  100  230  60  0  0    0.0018  0.0144  0.0303  0      0  6     0  6.25  1;
  9  12  100  138  60  0  0.6  0.0023  0.0839  0       1.03   0  5.1   0  6     1;
 22  17  100  230  60  0  0    0.0135  0.1053  0.2212  0      0  6     0  6.25  1;
 18  21  100  230  60  0  0    0.0033  0.0269  0.0545  0      0  6     0  6.25  1;
 18  21  100  230  60  0  0    0.0033  0.0269  0.0545  0      0  6     0  6.25  1;
 19  20  100  230  60  0  0    0.0051  0.0396  0.0833  0      0  6     0  6.25  1;
 19  20  100  230  60  0  0    0.0051  0.0396  0.0833  0      0  6     0  6.25  1;
 23  20  100  230  60  0  0    0.0028  0.0216  0.0455  0      0  6     0  6.25  1;
 23  20  100  230  60  0  0    0.0028  0.0216  0.0455  0      0  6     0  6.25  1;
 21  22  100  230  60  0  0    0.0087  0.0678  0.1424  0      0  6     0  6.25  1;
 10  12  100  138  60  0  0.6  0.0023  0.0839  0       1.015  0  5.1   0  6     1;
 10  11  100  138  60  0  0.6  0.0023  0.0839  0       1.015  0  5.1   0  6     1;
 25  26  100  138  60  0  0    0.0026  0.0139  0.4611  0      0  1.93  0  2     1;
 25  27  100  138  60  0  0    0.0546  0.2112  0.0572  0      0  2.08  0  2.2   1;
 25  29  100  138  60  0  0    0.0218  0.0845  0.0229  0      0  2.08  0  2.2   1;
 26  28  100  138  60  0  0    0.0328  0.1267  0.0343  0      0  2.08  0  2.2   1;
 26  30  100  138  60  0  0    0.0497  0.192   0.052   0      0  2.08  0  2.2   1;
 33  27  100  138  60  0  0    0.0308  0.119   0.0322  0      0  2.08  0  2.2   1;
 33  28  100  138  60  0  0    0.0268  0.1037  0.0281  0      0  2.08  0  2.2   1;
 34  29  100  138  60  0  0    0.0228  0.0883  0.0239  0      0  2.08  0  2.2   1;
 27  48  100  138  60  0  0.6  0.0023  0.0839  0       1.015  0  5.1   0  6     1;
 34  30  100  138  60  0  0    0.0139  0.0605  2.459   0      0  1.93  0  2     1;
 31  32  100  138  60  0  0    0.0159  0.0614  0.0166  0      0  2.08  0  2.2   1;
 33  32  100  138  60  0  0    0.0427  0.1651  0.0447  0      0  2.08  0  2.2   1;
 34  32  100  138  60  0  0    0.0427  0.1651  0.0447  0      0  2.08  0  2.2   1;
 37  35  100  230  60  0  0    0.006   0.048   0.1     0      0  6     0  6.25  1;
 38  35  100  230  60  0  0    0.0054  0.0418  0.0879  0      0  6     0  6.25  1;
 33  35  100  138  60  0  0.6  0.0023  0.0839  0       1.03   0  5.1   0  6     1;
 37  36  100  230  60  0  0    0.006   0.048   0.1     0      0  6     0  6.25  1;
 47  36  100  230  60  0  0    0.0124  0.0966  0.203   0      0  6     0  6.25  1;
 37  47  100  230  60  0  0    0.0111  0.0865  0.1818  0      0  6     0  6.25  1;
 40  38  100  230  60  0  0    0.005   0.0589  0.0818  0      0  6     0  6.25  1;
 40  39  100  230  60  0  0    0.0022  0.0173  0.0364  0      0  6     0  6.25  1;
 45  39  100  230  60  0  0    0.0063  0.049   0.103   0      0  6     0  6.25  1;
 45  39  100  230  60  0  0    0.0063  0.049   0.103   0      0  6     0  6.25  1;
 39  48  100  230  60  0  0    0.0067  0.0519  0.1091  0      0  6     0  6.25  1;
 41  40  100  230  60  0  0    0.003   0.0259  0.0545  0      0  6     0  6.25  1;
 43  40  100  230  60  0  0    0.003   0.0231  0.0485  0      0  6     0  6.25  1;
 42  41  100  230  60  0  0    0.0018  0.0144  0.0303  0      0  6     0  6.25  1;
 33  36  100  138  60  0  0.6  0.0023  0.0839  0       1.03   0  5.1   0  6     1;
 46  41  100  230  60  0  0    0.0135  0.1053  0.2212  0      0  6     0  6.25  1;
 42  45  100  230  60  0  0    0.0033  0.0269  0.0545  0      0  6     0  6.25  1;
 42  45  100  230  60  0  0    0.0033  0.0269  0.0545  0      0  6     0  6.25  1;
 43  44  100  230  60  0  0    0.0051  0.0396  0.0833  0      0  6     0  6.25  1;
 43  44  100  230  60  0  0    0.0051  0.0396  0.0833  0      0  6     0  6.25  1;
 47  44  100  230  60  0  0    0.0028  0.0216  0.0455  0      0  6     0  6.25  1;
 47  44  100  230  60  0  0    0.0028  0.0216  0.0455  0      0  6     0  6.25  1;
 45  46  100  230  60  0  0    0.0087  0.0678  0.1424  0      0  6     0  6.25  1;
 34  36  100  138  60  0  0.6  0.0023  0.0839  0       1.015  0  5.1   0  6     1;
